   3.5000000e+01
   1.0500000e+02
   3.4900000e+02
   2.6630000e+03
   5.0080000e+03
   5.6120000e+03
   1.9349000e+04
   9.8100000e+03
   4.5560000e+03
   2.6050000e+03
   1.3380000e+03
   9.0500000e+02
   8.2600000e+02
   7.3200000e+02
   7.2600000e+02
   9.6800000e+02
   1.5830000e+03
   2.9560000e+03
   2.5690000e+03
   4.5070000e+03
   6.4000000e+03
   7.4470000e+03
   9.9650000e+03
   8.2080000e+03
   6.7150000e+03
   4.5150000e+03
   2.9430000e+03
   2.5690000e+03
   1.7560000e+03
   9.4900000e+02
   6.2800000e+02
   7.4200000e+02
   4.7000000e+02
   3.5100000e+02
   2.6000000e+02
   1.8700000e+02
   1.4300000e+02
   1.4900000e+02
   1.1600000e+02
   1.0200000e+02
   1.1700000e+02
   1.1400000e+02
   1.1200000e+02
