  9.7775066e-002  4.0529089e-002  3.4255340e+000 -1.3555706e+001  8.3147327e-001  5.5149424e-001
  1.5753431e-001  2.2039047e-001  3.4111641e+000 -1.9119116e+001  3.5616845e-001  6.4364684e-001
  2.0121673e-001  1.9479497e-002  3.4094353e+000 -1.3418364e+001  7.3819939e-001  5.2739458e-001
  3.4150784e-001  6.1912449e-002  3.4551432e+000 -1.9799061e+001  8.5722760e-001  9.5692783e-002
  3.4283423e-002  8.3330258e-002  3.4509820e+000 -1.4260770e+001  3.5419187e-001  1.9360534e-001
  4.5484572e-002  2.3245136e-001  3.4221027e+000 -1.4803674e+001  7.7772418e-001  9.5497034e-001
  3.4520097e-001  1.3448199e-001  3.4613845e+000 -1.4791272e+001  6.7532107e-001  8.3650430e-001
  3.5673095e-001  5.8035158e-002  3.4338798e+000 -1.7100991e+001  2.0624239e-001  3.5279534e-001
  3.5912532e-001  2.2410423e-001  3.4293607e+000 -1.5474531e+001  5.1592039e-001  3.4625611e-001
  3.3118816e-001  1.7695566e-001  3.4828600e+000 -1.4205183e+001  5.2907081e-001  1.1150347e-001
  1.1383519e-002  1.0618616e-001  3.4252122e+000 -1.5743075e+001  6.6812406e-001  6.3792555e-002
  2.0280498e-001  1.5083389e-001  3.4009183e+000 -1.3338936e+001  5.0603183e-001  5.0647632e-001
  2.1250241e-002  2.3671242e-001  3.4649529e+000 -1.4143956e+001  4.8698769e-001  5.2257310e-001
  2.9280596e-001  1.0522456e-001  3.4741637e+000 -1.2434596e+001  1.4718636e-001  4.9614952e-001
  2.3782083e-001  1.2916349e-001  3.4100435e+000 -1.6207743e+001  7.6116847e-001  6.5999049e-001
  2.3260789e-001  6.0395219e-002  3.4437974e+000 -1.8624575e+001  6.5854935e-001  6.1517611e-001
  1.6083498e-001  2.1524861e-001  3.4879931e+000 -1.6039658e+001  9.1393979e-001  6.6986308e-001
  2.3152461e-001  2.2345574e-001  3.4432693e+000 -1.6497580e+001  9.1608385e-001  1.7881636e-001
  3.0120340e-002  1.1015163e-001  3.4511481e+000 -1.5352273e+001  1.8126483e-001  9.4163271e-001
  3.0055480e-001  1.3720769e-001  3.4930218e+000 -1.2372865e+001  9.8008092e-002  9.7602752e-001
  2.2055718e-001  9.6125978e-002  3.4765462e+000 -1.8261270e+001  5.5700241e-001  4.2956936e-001
  3.7052707e-001  7.4911015e-002  3.4903852e+000 -1.7727953e+001  8.7452041e-001  2.7248138e-002
  1.5253414e-001  4.4630026e-002  3.4496772e+000 -1.4538060e+001  4.0950663e-001  8.2944957e-001
  1.2736302e-001  1.1605345e-001  3.4791975e+000 -1.9727352e+001  4.4786284e-001  9.9884065e-001
  1.2227876e-001  3.6410221e-002  3.4609980e+000 -1.2879268e+001  5.3582467e-001  3.0975995e-001
  7.3181607e-002  2.4178897e-001  3.4180723e+000 -1.6577347e+001  7.0028309e-001  5.5545765e-001
  1.7926292e-001  8.5185728e-002  3.4950608e+000 -1.6795989e+001  1.1788944e-001  6.7678564e-001
  1.3388150e-001  2.2693877e-001  3.4212721e+000 -1.3149829e+001  7.9778393e-001  6.3631914e-001
  1.9429972e-001  1.4833564e-001  3.4644025e+000 -1.9980465e+001  6.8444127e-001  4.5584364e-001
  3.2738804e-001  1.2154276e-001  3.4523863e+000 -1.5796539e+001  1.9947680e-001  1.9899112e-001
  3.2078304e-001  2.2989425e-001  3.4472817e+000 -1.6303527e+001  2.4162799e-001  9.6876336e-001
  7.6572948e-002  2.4910444e-001  3.4404170e+000 -1.7026350e+001  9.1709540e-002  8.3084213e-001
  7.5384089e-003  1.7065565e-001  3.4666759e+000 -1.3581493e+001  8.0723249e-001  1.1876125e-001
  1.8403823e-001  4.1437479e-002  3.4723632e+000 -1.8388485e+001  7.2143323e-001  5.3039573e-001
  2.5457247e-001  2.4410751e-001  3.4355906e+000 -1.2551694e+001  9.6337106e-001  3.7596497e-001
  1.2941957e-001  1.4297775e-001  3.4622667e+000 -1.5243472e+001  1.0239197e-001  1.4333097e-001
  5.6682946e-002  1.4577075e-001  3.4580683e+000 -1.2194897e+001  9.8690468e-001  1.0865248e-001
  2.7627938e-001  1.4231246e-002  3.4940523e+000 -1.7801621e+001  2.6191526e-001  4.0223601e-001
  2.4753221e-001  2.2134518e-001  3.4374844e+000 -1.8688194e+001  6.2475095e-001  3.9060168e-001
  5.9338721e-003  2.3960123e-001  3.4248029e+000 -1.3720530e+001  4.9424195e-001  5.0246471e-001
  2.1658826e-001  1.3666147e-001  3.4042222e+000 -1.2833163e+001  6.3440422e-001  7.1441251e-001
  9.2858692e-002  6.9340403e-002  3.4915967e+000 -1.2330541e+001  8.0165136e-001  7.2611304e-001
  1.3604253e-001  1.3094746e-001  3.4193150e+000 -1.9684499e+001  7.1446320e-001  1.6681751e-001
  3.8887574e-001  1.3509115e-002  3.4874091e+000 -1.6981885e+001  3.8803924e-001  8.6185388e-001
  1.4448923e-001  1.5770385e-001  3.4991088e+000 -1.7536922e+001  7.7044697e-001  9.3126775e-002
  2.6249241e-001  6.5823057e-002  3.4591053e+000 -1.7973336e+001  8.5222842e-001  5.7670480e-001
  1.8191384e-001  6.0921185e-002  3.4278619e+000 -1.3216519e+001  1.7811858e-001  6.4758098e-001
  1.3196813e-001  5.2761422e-002  3.4775221e+000 -1.9202356e+001  8.8895667e-001  6.9361352e-001
  1.7042211e-001  9.9212355e-002  3.4428612e+000 -1.7316984e+001  3.2476770e-001  7.7743535e-001
  1.0841750e-001  1.7364693e-001  3.4108239e+000 -1.2470325e+001  2.4580615e-001  2.0938096e-002
  8.6878574e-002  1.1882814e-001  3.4628823e+000 -1.4877157e+001  2.3908680e-002  4.7158018e-001
  7.8185551e-002  1.3206500e-001  3.4052372e+000 -1.7249296e+001  3.4318451e-001  9.0311426e-001
  1.1455007e-001  2.1282397e-001  3.4219850e+000 -1.5393447e+001  4.3713683e-001  9.2640224e-001
  3.1098495e-001  2.4613567e-001  3.4816870e+000 -1.2780277e+001  6.8864091e-001  9.1238735e-001
  1.9605362e-001  1.3573282e-001  3.4677806e+000 -1.6682349e+001  9.4777002e-001  4.4110684e-002
  2.2512474e-001  1.6956392e-001  3.4760816e+000 -1.3033658e+001  2.9080697e-001  1.3827418e-001
  1.4157633e-001  1.0322482e-001  3.4812208e+000 -1.2134690e+001  9.0777528e-001  6.9182413e-002
  3.1535362e-001  1.6269951e-002  3.4457716e+000 -1.4740059e+001  5.6420679e-001  1.2881038e-001
  2.7821821e-001  2.1746314e-001  3.4889676e+000 -1.5088939e+001  2.8353459e-001  3.0105585e-001
  1.7429122e-002  1.8067715e-001  3.4619978e+000 -1.5036494e+001  4.2577165e-001  7.4562365e-001
  3.8724761e-001  5.4090827e-002  3.4596027e+000 -1.2922728e+001  5.6910593e-001  4.2168370e-001
  2.6059948e-001  9.7324014e-002  3.4504544e+000 -1.3246459e+001  4.1831412e-001  4.8793654e-001
  1.0351520e-001  1.5589997e-001  3.4757888e+000 -1.6553532e+001  3.9548540e-001  2.1936240e-001
  2.6599479e-001  2.4362605e-001  3.4632604e+000 -1.6812130e+001  5.9813484e-001  3.7386317e-001
  2.6851252e-001  8.0221472e-002  3.4700831e+000 -1.4671119e+001  6.7320518e-002  2.4822086e-001
  1.6399528e-001  2.2747734e-001  3.4198934e+000 -1.6930582e+001  3.9095082e-001  1.8300956e-001
  3.4861437e-001  3.4419446e-002  3.4880195e+000 -1.3098740e+001  3.5416782e-002  2.8669183e-001
  2.5165049e-001  2.8828360e-002  3.4353026e+000 -1.4923474e+001  2.3985383e-001  5.4954609e-001
  1.7373269e-001  1.2024770e-001  3.4516919e+000 -1.2308821e+001  1.3326634e-001  7.5605826e-001
  3.9334975e-001  1.1546743e-001  3.4124243e+000 -1.2560056e+001  2.5730883e-001  7.8620827e-001
  3.3311326e-002  2.0344259e-001  3.4444642e+000 -1.3624800e+001  4.6457626e-001  2.8232634e-001
  1.1346152e-001  2.0880033e-001  3.4375574e+000 -1.9847046e+001  4.9815937e-001  1.8878544e-001
  1.0780394e-001  1.7227414e-001  3.4423007e+000 -1.3784720e+001  1.7447250e-001  5.8195276e-001
  3.0485869e-001  8.2642841e-002  3.4860984e+000 -1.6662272e+001  4.7934619e-001  8.4496867e-001
  2.7408467e-001  9.1031399e-002  3.4070606e+000 -1.2242211e+001  6.9144803e-001  3.3845146e-001
  3.0707519e-001  1.8311747e-001  3.4786645e+000 -1.3041732e+001  1.2204842e-001  5.8747518e-002
  8.4668285e-002  2.0178673e-002  3.4346946e+000 -1.9627951e+001  6.2787608e-001  6.2453924e-001
  7.1864719e-002  3.3764959e-002  3.4203498e+000 -1.8015775e+001  7.2831567e-001  5.1597060e-001
  2.3833265e-001  1.4926272e-001  3.4129000e+000 -1.4489284e+001  8.2650878e-001  2.3790678e-001
  3.8284439e-001  2.4968484e-002  3.4392910e+000 -1.4043786e+001  3.2811882e-001  1.7416885e-001
  2.9571032e-001  2.1171247e-001  3.4331059e+000 -1.3706135e+001  4.2302130e-001  7.5085074e-001
  4.9425133e-002  6.6676680e-002  3.4899144e+000 -1.5925213e+001  1.1391798e-001  6.2845838e-001
  3.5421042e-001  7.3761096e-002  3.4078751e+000 -1.7929821e+001  6.4943023e-001  6.0495341e-001
  1.2457210e-001  7.1542610e-002  3.4672246e+000 -1.9946566e+001  4.3854694e-002  2.9695990e-001
  1.3252527e-003  2.4824941e-001  3.4920668e+000 -1.6130721e+001  1.5084926e-001  7.0501653e-001
  8.1522697e-002  1.5339356e-001  3.4343981e+000 -1.7868527e+001  2.1359025e-001  6.6277232e-001
  3.7797104e-001  1.6523371e-001  3.4959929e+000 -1.4100492e+001  5.1126234e-001  6.0944611e-001
  2.4326099e-001  2.1454083e-001  3.4304166e+000 -1.9365347e+001  1.6116073e-001  8.7075455e-001
  2.9141377e-001  6.8494394e-002  3.4972630e+000 -1.2032696e+001  5.4839534e-001  8.0668471e-001
  2.0725946e-001  1.2608095e-001  3.4911768e+000 -1.6197587e+001  3.7053079e-001  8.4987515e-001
  2.3686492e-002  2.0251009e-001  3.4295422e+000 -1.2043536e+001  4.6601074e-001  1.5659728e-001
  2.2887616e-001  3.7869348e-002  3.4842265e+000 -1.8349307e+001  5.2242742e-001  3.0461992e-002
  3.3355747e-001  1.7492986e-001  3.4577887e+000 -1.7763885e+001  8.1762415e-001  9.1970138e-001
  3.7847809e-001  1.9020012e-001  3.4382461e+000 -1.6410861e+001  9.9413153e-001  9.7114149e-001
  6.7259688e-002  2.0173489e-001  3.4908999e+000 -1.8180869e+001  7.4861428e-001  9.4505880e-001
  1.0557908e-001  9.5145364e-002  3.4418850e+000 -1.6903107e+001  7.5280810e-002  5.4320896e-001
  9.9562769e-002  2.6539232e-002  3.4399231e+000 -1.4885291e+001  8.4956746e-001  8.0296498e-001
  4.1465364e-002  1.1167963e-001  3.4012979e+000 -1.7483285e+001  6.1537353e-001  8.7741942e-001
  2.0837690e-001  1.3345891e-001  3.4414945e+000 -1.8298999e+001  8.9786904e-001  8.2316102e-001
  3.3663503e-001  5.5510342e-002  3.4061219e+000 -1.5636609e+001  3.4932837e-002  3.6733176e-001
  1.9887166e-001  1.0151815e-001  3.4490703e+000 -1.8847070e+001  7.3119466e-001  3.3480682e-001
  3.9804945e-001  1.8275890e-001  3.4530604e+000 -1.9137839e+001  5.3674500e-002  7.7326726e-001
  1.7505186e-001  2.3488424e-001  3.4712921e+000 -1.7695893e+001  1.3732830e-001  7.8287028e-001
  3.0267168e-001  3.5494462e-002  3.4237439e+000 -1.9197993e+001  8.7676979e-001  2.7076425e-001
  3.6097129e-001  7.7421512e-002  3.4326481e+000 -1.5514550e+001  6.6493395e-001  6.8466767e-001
  2.1053294e-001  2.2895918e-001  3.4133598e+000 -1.7888908e+001  9.4493314e-001  4.1958256e-001
  3.1913159e-001  1.9940201e-001  3.4099224e+000 -1.8833221e+001  5.6312207e-002  8.6909119e-001
  2.6624129e-002  1.8517300e-001  3.4855090e+000 -1.4624120e+001  1.6926110e-001  7.1566178e-001
  1.9733152e-002  1.4178103e-001  3.4782558e+000 -1.3912823e+001  5.3131441e-001  4.6750541e-001
  1.4707779e-001  1.7940158e-001  3.4170807e+000 -1.8218944e+001  7.1211307e-002  2.5835290e-001
  3.6458699e-002  3.0717237e-002  3.4233352e+000 -1.6104151e+001  8.6843899e-001  1.0213477e-001
  6.3358449e-002  1.8540256e-001  3.4718035e+000 -1.7429854e+001  1.9406069e-001  7.3410803e-001
  9.5455608e-002  2.2485446e-001  3.4137887e+000 -1.9032488e+001  9.3308108e-001  8.3722067e-002
  2.8040854e-001  7.0832592e-002  3.4119856e+000 -1.5546533e+001  4.1371649e-001  8.8177345e-001
  3.2226778e-001  8.0972002e-002  3.4979039e+000 -1.6628405e+001  7.1804474e-001  7.1399439e-002
  6.0622843e-002  7.8432068e-002  3.4463630e+000 -1.9562697e+001  6.7287557e-001  8.1536761e-001
  2.8612885e-001  7.6164074e-002  3.4019479e+000 -1.8448435e+001  5.7469493e-001  2.3349481e-001
  3.2559051e-001  1.5279546e-001  3.4467132e+000 -1.5199950e+001  9.6763514e-001  5.2283180e-002
  3.4774705e-001  4.5240307e-002  3.4228939e+000 -1.3478096e+001  2.3385642e-001  6.5340084e-001
  2.5860178e-001  7.3431668e-002  3.4143108e+000 -1.9322347e+001  7.8490098e-001  8.5283542e-001
  2.1350939e-003  1.3884083e-001  3.4368997e+000 -1.9480245e+001  5.5080597e-001  1.6491867e-001
  2.5652264e-001  1.2428486e-001  3.4945961e+000 -1.2757781e+001  5.8588649e-001  2.0315568e-001
  5.9956953e-002  4.9239396e-002  3.4699172e+000 -1.5699145e+001  7.5920993e-001  4.7505815e-002
  2.1251516e-001  1.2692757e-001  3.4488395e+000 -1.7644758e+001  2.8636363e-001  4.3023177e-001
  3.6436536e-001  6.2852088e-002  3.4316337e+000 -1.6242672e+001  3.7859922e-001  7.3530059e-001
  6.4585913e-002  2.0743964e-001  3.4707517e+000 -1.3835894e+001  7.5203746e-001  1.5207190e-001
  1.5143724e-001  4.6771246e-002  3.4145524e+000 -1.9917938e+001  7.9362238e-001  2.1237577e-001
  1.6567751e-001  1.0472832e-001  3.4770074e+000 -1.5582819e+001  9.5126151e-001  3.4454527e-001
  1.4984542e-001  1.9121051e-001  3.4208441e+000 -1.7398399e+001  3.3220205e-001  1.2229187e-001
  2.4994013e-001  1.9509432e-001  3.4058827e+000 -1.7128044e+001  1.8983099e-001  7.9952737e-001
  3.1378649e-001  6.4188279e-002  3.4088381e+000 -1.6877493e+001  8.6443642e-001  5.1145473e-001
  3.7361647e-001  1.2279777e-001  3.4557551e+000 -1.8744034e+001  2.7286119e-001  9.5966964e-001
  1.2004808e-001  1.4779613e-001  3.4081264e+000 -1.5226503e+001  2.1808497e-001  4.8270133e-001
  8.8127786e-002  1.0912968e-001  3.4567165e+000 -1.8989418e+001  2.5406217e-001  3.9623390e-001
  2.8370411e-001  1.5978139e-001  3.4746547e+000 -1.6755228e+001  3.4794150e-001  9.8814766e-001
  2.6702295e-001  1.9615263e-001  3.4928365e+000 -1.4405170e+001  8.4284284e-001  9.3268216e-001
  3.3868723e-001  1.7165197e-001  3.4848611e+000 -1.9455558e+001  3.6957266e-001  3.2414378e-001
  3.7420630e-001  1.9300436e-001  3.4561507e+000 -1.3398699e+001  7.7263736e-003  5.9453396e-001
  1.8721272e-001  1.7864329e-001  3.4156991e+000 -1.6458166e+001  6.0216073e-001  4.3734002e-001
  8.1946008e-003  1.8141858e-002  3.4542008e+000 -1.9311310e+001  8.2039572e-001  2.9375579e-001
  2.9865518e-001  1.7620911e-001  3.4800886e+000 -1.8780511e+001  6.4084461e-001  6.1358107e-001
  2.2758370e-001  2.4644316e-001  3.4003484e+000 -1.5655475e+001  6.5027979e-001  9.3698026e-001
  1.5922142e-001  1.8937604e-001  3.4482399e+000 -1.4366014e+001  5.8244262e-001  5.6227391e-001
  1.4423470e-002  8.7857149e-002  3.4838743e+000 -1.8078149e+001  9.0319698e-001  1.2562327e-002
  6.9262607e-002  5.7111048e-002  3.4727962e+000 -1.4966557e+001  6.0664157e-001  3.6002867e-001
  1.1862986e-001  1.1378216e-001  3.4387137e+000 -1.2638566e+001  4.7487243e-001  2.5185523e-001
  3.5207620e-001  1.6075502e-001  3.4960868e+000 -1.9257665e+001  4.5866316e-002  4.6090182e-001
  2.8615951e-002  2.1130337e-001  3.4807244e+000 -1.4180517e+001  8.5173692e-002  6.9298086e-003
  3.1628882e-001  1.4374674e-001  3.4266855e+000 -1.2992192e+001  6.3923879e-001  4.4929279e-001
  1.2166834e-002  1.4514224e-001  3.4635618e+000 -1.9523692e+001  4.5127714e-001  7.6884342e-001
  4.3983117e-002  2.0642766e-001  3.4449477e+000 -1.6377599e+001  9.7986482e-001  4.1140691e-001
  9.0253949e-002  4.2429818e-002  3.4185707e+000 -1.4313157e+001  6.9808100e-001  4.7592868e-001
  2.7212788e-001  1.5555028e-002  3.4585671e+000 -1.5149532e+001  1.2333962e-002  5.7329515e-001
  2.1530392e-001  9.8561232e-002  3.4866301e+000 -1.3191498e+001  9.7189446e-001  2.2659494e-001
  3.8492530e-001  1.6343192e-001  3.4738331e+000 -1.8588475e+001  1.4019540e-001  8.1111508e-001
  3.2948235e-001  5.0683508e-002  3.4039635e+000 -1.5306590e+001  7.8914912e-001  3.8610225e-001
  3.9779706e-001  1.8691981e-001  3.4650228e+000 -1.8932816e+001  2.7930265e-001  2.6049626e-001
  5.1229254e-002  2.3128456e-001  3.4664070e+000 -1.9405469e+001  2.6971616e-001  7.2069355e-001
  3.6807980e-001  1.0796408e-001  3.4753056e+000 -1.4475130e+001  3.1446953e-001  4.4157821e-001
  3.5113927e-001  3.9571489e-002  3.4046701e+000 -1.4713175e+001  1.0935373e-001  5.9503490e-001
  2.8967820e-001  2.2414545e-002  3.4450491e+000 -1.3295052e+001  2.9817640e-001  5.8655229e-001
  3.9555833e-001  2.4045770e-001  3.4980917e+000 -1.3943703e+001  9.9570987e-001  8.9437426e-001
  8.2867715e-002  1.5409133e-001  3.4684376e+000 -1.3494783e+001  7.4072165e-001  3.1823734e-001
  3.6768927e-001  2.1779212e-001  3.4324826e+000 -1.7221866e+001  1.8697091e-002  6.7496634e-001
  1.0156931e-001  4.8113207e-002  3.4240663e+000 -1.9655327e+001  9.2200907e-001  1.4924272e-001
  7.5364525e-002  2.1906449e-001  3.4022092e+000 -1.2487776e+001  9.5645905e-001  3.1244803e-001
  1.6757021e-001  2.3721307e-001  3.4260368e+000 -1.5047104e+001  4.4226368e-001  4.9410597e-001
  1.3848856e-001  2.1310256e-002  3.4833586e+000 -1.4038055e+001  5.4066290e-001  5.6907344e-001
  3.9124275e-001  9.3470800e-002  3.4574738e+000 -1.2671878e+001  5.0129229e-001  3.5728161e-001
  3.8097102e-001  2.3333374e-001  3.4286015e+000 -1.8414608e+001  3.0955182e-001  4.0696320e-001
  3.6385559e-001  1.0022744e-001  3.4965489e+000 -1.6357423e+001  7.6748649e-001  5.3555632e-001
  2.0488788e-001  1.5693307e-001  3.4525650e+000 -1.8643442e+001  8.3540371e-001  3.5028193e-002
  2.4465937e-001  3.1791103e-002  3.4028510e+000 -1.5808975e+001  2.2516479e-001  9.9383704e-001
  1.6806831e-001  2.9867562e-002  3.4272775e+000 -1.4327552e+001  8.9454186e-001  3.2912249e-001
  5.4066026e-002  1.2371882e-001  3.4891975e+000 -1.8121782e+001  6.0118877e-002  7.0172117e-001
  3.4369058e-001  1.6815586e-001  3.4798672e+000 -1.5911630e+001  8.1296587e-001  2.6764613e-001
  2.5614015e-002  1.1753053e-001  3.4408786e+000 -1.4571460e+001  8.8234517e-001  6.8848102e-001
  2.8474622e-001  8.8814130e-002  3.4547625e+000 -1.7050551e+001  7.0519217e-001  2.0553092e-001
  1.8970455e-001  2.3868094e-001  3.4935404e+000 -1.9806201e+001  3.0479777e-001  3.8324892e-001
  1.7640545e-001  1.9978239e-001  3.4360628e+000 -1.8539910e+001  4.5605992e-001  2.4460407e-001
  3.8441252e-002  1.9787249e-001  3.4822498e+000 -1.7469157e+001  3.3899340e-001  6.9563419e-001
  1.1612825e-001  9.0122305e-002  3.4160956e+000 -1.2718750e+001  9.2712412e-001  7.8896257e-002
  1.1146106e-001  1.1277283e-001  3.4305693e+000 -1.2904344e+001  6.1002227e-001  8.9388840e-002
  2.2207091e-001  5.5798094e-002  3.4066140e+000 -1.2104380e+001  5.9435786e-001  1.3322892e-001
  1.9179021e-001  1.8816349e-001  3.4477429e+000 -1.7351445e+001  3.1755110e-001  8.5838681e-001
  4.6111549e-002  2.0454987e-001  3.4536956e+000 -1.7175704e+001  8.1259970e-002  7.4210526e-001
  3.3480474e-001  2.4387132e-002  3.4280400e+000 -1.8101713e+001  1.5630878e-001  7.6305518e-001
  1.8321295e-001  1.6692289e-001  3.4853909e+000 -1.8891382e+001  4.3166274e-001  8.8840722e-001
  5.3985647e-002  1.2274113e-002  3.4168005e+000 -1.5975890e+001  1.2567412e-001  4.5011878e-001
  1.5477053e-001  9.2621554e-002  3.4690603e+000 -1.9064271e+001  2.2495248e-001  9.6136858e-001
  1.9226814e-001  1.0857493e-002  3.4177181e+000 -1.8517081e+001  4.8132684e-001  1.7979831e-003
  2.9659342e-001  1.4068746e-001  3.4688093e+000 -1.5852183e+001  4.0025778e-001  2.2370196e-001
  2.3567667e-001  5.1808992e-002  3.4314485e+000 -1.5431947e+001  2.7475319e-002  9.2389234e-001
  2.7177871e-001  1.9453078e-001  3.4658643e+000 -1.6059317e+001  9.3768734e-001  1.8594432e-002
  2.1875969e-001  2.0966489e-001  3.4998751e+000 -1.7626901e+001  3.8118933e-001  9.0661307e-001
  1.3407186e-001  1.6379443e-001  3.4732919e+000 -1.3849644e+001  9.8399440e-001  7.9078839e-001
  2.4171916e-001  8.5767852e-002  3.4031032e+000 -1.2239498e+001  3.9599279e-003  8.9552221e-001
  3.0991945e-001  1.2869459e-001  3.4151787e+000 -1.7561949e+001  2.0450830e-001  6.3175439e-001
  1.4227216e-001  2.7590262e-002  3.4600326e+000 -1.3641349e+001  3.6108078e-001  2.7607796e-001
  2.5215725e-001  1.6153258e-001  3.4986432e+000 -1.3985553e+001  5.7966213e-001  9.8232097e-001
